-0.0769395318072 0.172197999759 0.778188407421
-0.0743322672143 0.168149691854 0.766416192055
-0.0743322672143 0.169593036848 0.766416192055
-0.0743322672143 0.171036381843 0.766416192055
-0.072899550873 0.169617766883 0.766527950764
-0.0552111384222 0.17005030634 0.781789720058
-0.0533361234009 -0.0358009595431 0.77593100071
-0.0533361234009 -0.0343396958883 0.77593100071
-0.053335881671 -0.0328782832218 0.775927484035
-0.053335881671 -0.0314170261898 0.775927484035
-0.0533356358439 -0.0299556310904 0.775923907757
-0.0533356358439 -0.0284943807933 0.775923907757
-0.0533353859197 -0.0270330038223 0.775920271873
-0.0533353859197 -0.0255717603725 0.775920271873
-0.0533351400927 -0.0241104057953 0.775916695595
-0.0533348942656 -0.0226490646881 0.775913119316
-0.0533348942656 -0.0211878347083 0.775913119316
-0.0533346484385 -0.019726513806 0.775909543037
-0.0533346484385 -0.0182652905611 0.775909543037
-0.0533344067086 -0.0168039911548 0.775906026363
-0.0533344067086 -0.0153427745326 0.775906026363
-0.0533341567844 -0.0138814928617 0.77590239048
-0.0533341567844 -0.0124202830868 0.77590239048
-0.0533339109573 -0.0109590227995 0.775898814201
-0.0533339109573 -0.00949781975953 0.775898814201
-0.0533336651303 -0.00803657967717 0.775895237923
-0.0533336651303 -0.00657538337223 0.775895237923
-0.0533334193032 -0.00511416349483 0.775891661644
-0.0533334193032 -0.00365297392488 0.775891661644
-0.0533331775733 -0.00219177442082 0.77588814497
-0.0533331775733 -0.000730591473606 0.77588814497
-0.053332923552 0.000730587993862 0.775884449482
-0.053332681822 0.00219175404748 0.775880932808
-0.053332681822 0.00365292341247 0.775880932808
-0.0533324359949 0.00511406920499 0.775877356529
-0.0533324359949 0.00657523183499 0.775877356529
-0.0533321901679 0.00803635742256 0.775873780251
-0.0533321901679 0.00949751331757 0.775873780251
-0.0533319484379 0.010958619542 0.775870263577
-0.0533319484379 0.0124197688143 0.775870263577
-0.0533316944166 0.0138808519715 0.775866568089
-0.0533316944166 0.0153419942842 0.775866568089
-0.0532636617761 0.0167817016555 0.774876832962
-0.0532636617761 0.0182409800603 0.774876832962
-0.0532636617761 0.0197002584651 0.774876832962
-0.0532636617761 0.02115953687 0.774876832962
-0.0532636617761 0.0226188152748 0.774876832962
-0.0532634200462 0.0240779844044 0.774873316288
-0.0532634200462 0.0255372561865 0.774873316288
-0.0532634200462 0.0269965279686 0.774873316288
-0.0532634200462 0.0284557997507 0.774873316288
-0.0532634200462 0.0299150715328 0.774873316288
-0.0532631742191 0.0313741985126 0.774869740009
-0.0532631742191 0.0328334635597 0.774869740009
-0.0532631742191 0.0342927286068 0.774869740009
-0.0532631742191 0.0357519936539 0.774869740009
-0.0532631742191 0.037211258701 0.774869740009
-0.0532631742191 0.0386705237481 0.774869740009
-0.0532629242949 0.0401296004962 0.774866104126
-0.0532629242949 0.041588858696 0.774866104126
-0.0532629242949 0.0430481168959 0.774866104126
-0.0532629242949 0.0445073750957 0.774866104126
-0.0532629242949 0.0459666332956 0.774866104126
-0.053262682565 0.0474256762565 0.774862587452
-0.053262682565 0.0488849278336 0.774862587452
-0.053262682565 0.0503441794107 0.774862587452
-0.053262682565 0.0518034309878 0.774862587452
-0.053262682565 0.053262682565 0.774862587452
-0.053262682565 0.0547219341421 0.774862587452
-0.0532624326408 0.0561809221005 0.774858951569
-0.0532624326408 0.0576401668304 0.774858951569
-0.0532624326408 0.0590994115603 0.774858951569
-0.0532624326408 0.0605586562902 0.774858951569
-0.0532624326408 0.0620179010201 0.774858951569
-0.0532621909108 0.0634768576609 0.774855434895
-0.0532621909108 0.064936095768 0.774855434895
-0.0532621909108 0.0663953338751 0.774855434895
-0.0532621909108 0.0678545719823 0.774855434895
-0.0532621909108 0.0693138100894 0.774855434895
-0.0532621909108 0.0707730481966 0.774855434895
-0.0532619450838 0.0722319529218 0.774851858616
-0.0532619450838 0.073691184294 0.774851858616
-0.0532619450838 0.0751504156661 0.774851858616
-0.0532619450838 0.0766096470383 0.774851858616
-0.0532619450838 0.0780688784105 0.774851858616
-0.0532619450838 0.0795281097826 0.774851858616
-0.0532616992567 0.0809869673629 0.774848282337
-0.0532616992567 0.0824461920001 0.774848282337
-0.0532616992567 0.0839054166373 0.774848282337
-0.0532616992567 0.0853646412744 0.774848282337
-0.0532616992567 0.0868238659116 0.774848282337
-0.0532614534296 0.088282683082 0.774844706059
-0.0532614534296 0.0897419009842 0.774844706059
-0.0532614534296 0.0912011188864 0.774844706059
-0.0532614534296 0.0926603367885 0.774844706059
-0.0532614534296 0.0941195546907 0.774844706059
-0.0532614534296 0.0955787725929 0.774844706059
-0.0532612035054 0.0970375351538 0.774841070175
-0.0532612035054 0.0984967462087 0.774841070175
-0.0532612035054 0.0999559572637 0.774841070175
-0.0532612035054 0.101415168319 0.774841070175
-0.0532612035054 0.102874379374 0.774841070175
-0.0532609658726 0.104333124929 0.774837613106
-0.0532609658726 0.105792329473 0.774837613106
-0.0532609658726 0.107251534017 0.774837613106
-0.0532609658726 0.108710738562 0.774837613106
-0.0532609658726 0.110169943106 0.774837613106
-0.0532609658726 0.111629147651 0.774837613106
-0.0532607159484 0.113087821534 0.774833977222
-0.0532607159484 0.114547019232 0.774833977222
-0.0532607159484 0.116006216929 0.774833977222
-0.0532607159484 0.117465414626 0.774833977222
-0.0532607159484 0.118924612323 0.774833977222
-0.0532604742185 0.120383263645 0.774830460548
-0.0532604742185 0.121842454719 0.774830460548
-0.0532604742185 0.123301645793 0.774830460548
-0.0532604742185 0.124760836868 0.774830460548
-0.0532604742185 0.126220027942 0.774830460548
-0.0532604742185 0.127679219017 0.774830460548
-0.0532602283914 0.129137814045 0.77482688427
-0.0532602283914 0.130596998384 0.77482688427
-0.0532602283914 0.132056182724 0.77482688427
-0.0532602283914 0.133515367063 0.77482688427
-0.0532602283914 0.134974551403 0.77482688427
-0.0532602283914 0.136433735742 0.77482688427
-0.0532599825644 0.137892283626 0.774823307991
-0.0532599825644 0.13935146123 0.774823307991
-0.0532599825644 0.140810638835 0.774823307991
-0.0532599825644 0.142269816439 0.774823307991
-0.0532599825644 0.143728994044 0.774823307991
-0.0532597367373 0.145187501517 0.774819731712
-0.0532597367373 0.146646672386 0.774819731712
-0.0532597367373 0.148105843256 0.774819731712
-0.0532597367373 0.149565014125 0.774819731712
-0.0532597367373 0.151024184995 0.774819731712
-0.0532597367373 0.152483355864 0.774819731712
-0.0532594868131 0.15394180435 0.774816095829
-0.0532594868131 0.155400968372 0.774816095829
-0.0532594868131 0.156860132395 0.774816095829
-0.0532594868131 0.158319296417 0.774816095829
-0.0532594868131 0.159778460439 0.774816095829
-0.0532592450832 0.161236892649 0.774812579155
-0.0532592450832 0.162696050049 0.774812579155
-0.0532592450832 0.164155207448 0.774812579155
-0.0532592450832 0.165614364848 0.774812579155
-0.0532592450832 0.167073522247 0.774812579155
-0.053725111956 0.170006861121 0.781589984894
-0.0527987372404 0.168521996945 0.768113136292
-0.0518320742188 -0.0386915483605 0.775291025639
-0.0517364812212 -0.0371628245391 0.773861169815
-0.0517364812212 -0.0357054588709 0.773861169815
-0.0517362381442 -0.0342479322926 0.773857533932
-0.0517362381442 -0.0327905734717 0.773857533932
-0.0517362381442 -0.0313332146507 0.773857533932
-0.0517362381442 -0.0298758558298 0.773857533932
-0.0517362381442 -0.0284184970088 0.773857533932
-0.0517359990521 -0.0269610135905 0.773853957653
-0.0517359990521 -0.0255036615046 0.773853957653
-0.0517359990521 -0.0240463094186 0.773853957653
-0.0517359990521 -0.0225889573326 0.773853957653
-0.0517359990521 -0.0211316052466 0.773853957653
-0.0517359990521 -0.0196742531607 0.773853957653
-0.0517357639449 -0.0182168182905 0.773850440979
-0.0517357639449 -0.0167594728272 0.773850440979
-0.0517357639449 -0.015302127364 0.773850440979
-0.0517357639449 -0.0138447819008 0.773850440979
-0.0517357639449 -0.0123874364375 0.773850440979
-0.0517357639449 -0.0109300909743 0.773850440979
-0.0517355248528 -0.00947270173362 0.7738468647
-0.0517355248528 -0.00801536300537 0.7738468647
-0.0517355248528 -0.00655802427712 0.7738468647
-0.0517355248528 -0.00510068554887 0.7738468647
-0.0517355248528 -0.00364334682062 0.7738468647
-0.0517352857608 -0.00218599798989 0.773843288422
-0.0517352857608 -0.000728665996631 0.773843288422
-0.0517352857608 0.000728665996631 0.773843288422
-0.0517352857608 0.00218599798989 0.773843288422
-0.0517352857608 0.00364332998315 0.773843288422
-0.0517352857608 0.00510066197641 0.773843288422
-0.0517350506536 0.00655796416735 0.773839771748
-0.0517350506536 0.00801528953788 0.773839771748
-0.0517350506536 0.0094726149084 0.773839771748
-0.0517350506536 0.0109299402789 0.773839771748
-0.0517350506536 0.0123872656494 0.773839771748
-0.0517348115615 0.0138445270376 0.773836195469
-0.0517348115615 0.0153018456731 0.773836195469
-0.0517348115615 0.0167591643086 0.773836195469
-0.0517348115615 0.0182164829442 0.773836195469
-0.0517348115615 0.0196738015797 0.773836195469
-0.0517348115615 0.0211311202153 0.773836195469
-0.0517345684845 0.0225883327186 0.773832559586
-0.0517345684845 0.0240456445069 0.773832559586
-0.0517345684845 0.0255029562952 0.773832559586
-0.0517345684845 0.0269602680835 0.773832559586
-0.0517345684845 0.0284175798718 0.773832559586
-0.0517343413471 0.0298747604962 0.773829162121
-0.0517343413471 0.0313320658862 0.773829162121
-0.0517343413471 0.0327893712763 0.773829162121
-0.0517343413471 0.0342466766664 0.773829162121
-0.0517343413471 0.0357039820564 0.773829162121
-0.0517343413471 0.0371612874465 0.773829162121
-0.0517340982701 0.0386184113847 0.773825526237
-0.0517340982701 0.0400757099276 0.773825526237
-0.0517340982701 0.0415330084704 0.773825526237
-0.0517340982701 0.0429903070132 0.773825526237
-0.0517340982701 0.044447605556 0.773825526237
-0.0517340982701 0.0459049040988 0.773825526237
-0.051733859178 0.0473619837545 0.773821949959
-0.051733859178 0.0488192755624 0.773821949959
-0.051733859178 0.0502765673702 0.773821949959
-0.051733859178 0.051733859178 0.773821949959
-0.051733859178 0.0531911509859 0.773821949959
-0.051733620086 0.0546481902316 0.77381837368
-0.051733620086 0.0561054753045 0.77381837368
-0.051733620086 0.0575627603773 0.77381837368
-0.051733620086 0.0590200454502 0.77381837368
-0.051733620086 0.060477330523 0.77381837368
-0.051733620086 0.0619346155959 0.77381837368
-0.0517333849787 0.0633916125796 0.773814857006
-0.0517333849787 0.0648488910297 0.773814857006
-0.0517333849787 0.0663061694798 0.773814857006
-0.0517333849787 0.0677634479299 0.773814857006
-0.0517333849787 0.06922072638 0.773814857006
-0.0517331458867 0.0706776781832 0.773811280727
-0.0517331458867 0.0721349498983 0.773811280727
-0.0517331458867 0.0735922216134 0.773811280727
-0.0517331458867 0.0750494933286 0.773811280727
-0.0517331458867 0.0765067650437 0.773811280727
-0.0517331458867 0.0779640367588 0.773811280727
-0.0517329107795 0.0794209475347 0.773807764053
-0.0517329107795 0.080878212627 0.773807764053
-0.0517329107795 0.0823354777194 0.773807764053
-0.0517329107795 0.0837927428118 0.773807764053
-0.0517329107795 0.0852500079042 0.773807764053
-0.0517329107795 0.0867072729966 0.773807764053
-0.0517326716874 0.0881641306222 0.773804187775
-0.0517326716874 0.0896213889796 0.773804187775
-0.0517326716874 0.0910786473369 0.773804187775
-0.0517326716874 0.0925359056943 0.773804187775
-0.0517326716874 0.0939931640517 0.773804187775
-0.0517324286104 0.095449973915 0.773800551891
-0.0517324286104 0.0969072254252 0.773800551891
-0.0517324286104 0.0983644769353 0.773800551891
-0.0517324286104 0.0998217284455 0.773800551891
-0.0517324286104 0.101278979956 0.773800551891
-0.0517324286104 0.102736231466 0.773800551891
-0.0517321974881 0.104193017476 0.773797094822
-0.0517321974881 0.105650262476 0.773797094822
-0.0517321974881 0.107107507475 0.773797094822
-0.0517321974881 0.108564752475 0.773797094822
-0.0517321974881 0.110021997475 0.773797094822
-0.0517321974881 0.111479242474 0.773797094822
-0.0517319544111 0.112935956813 0.773793458939
-0.0517319544111 0.114393194965 0.773793458939
-0.0517319544111 0.115850433118 0.773793458939
-0.0517319544111 0.11730767127 0.773793458939
-0.0517319544111 0.118764909423 0.773793458939
-0.0517319544111 0.120222147575 0.773793458939
-0.0517317153191 0.121678823356 0.77378988266
-0.0517317153191 0.123136054774 0.77378988266
-0.0517317153191 0.124593286191 0.77378988266
-0.0517317153191 0.126050517608 0.77378988266
-0.0517317153191 0.127507749026 0.77378988266
-0.0517317153191 0.128964980443 0.77378988266
-0.0517314802119 0.130421619126 0.773786365986
-0.0517314802119 0.13187884392 0.773786365986
-0.0517314802119 0.133336068715 0.773786365986
-0.0517314802119 0.13479329351 0.773786365986
-0.0517314802119 0.136250518304 0.773786365986
-0.0517314802119 0.137707743099 0.773786365986
-0.0517312451047 0.139164335422 0.773782849312
-0.0517312451047 0.140621553594 0.773782849312
-0.0517312451047 0.142078771766 0.773782849312
-0.0517312451047 0.143535989938 0.773782849312
-0.0517312451047 0.14499320811 0.773782849312
-0.0517310060126 0.146449749416 0.773779273033
-0.0517310060126 0.147906960853 0.773779273033
-0.0517310060126 0.14936417229 0.773779273033
-0.0517310060126 0.150821383727 0.773779273033
-0.0517310060126 0.152278595164 0.773779273033
-0.0517310060126 0.153735806601 0.773779273033
-0.0517307669205 0.155192300761 0.773775696754
-0.0517307669205 0.156649505463 0.773775696754
-0.0517307669205 0.158106710165 0.773775696754
-0.0517307669205 0.159563914867 0.773775696754
-0.0517307669205 0.161021119569 0.773775696754
-0.0517307669205 0.162478324271 0.773775696754
-0.0517305278284 0.163934771287 0.773772120476
-0.0517305278284 0.165391969254 0.773772120476
-0.0517305278284 0.166849167221 0.773772120476
-0.0522546495421 0.170011606257 0.781611800194
-0.0513597000004 0.168546621128 0.768225371838
-0.0503819993997 -0.0401595647389 0.775444686413
-0.0502913685168 -0.0386296019042 0.774049758911
-0.0502116777803 -0.0371129792289 0.772823214531
-0.0502114454232 -0.0356574032715 0.772819638252
-0.0502114454232 -0.0342019990564 0.772819638252
-0.0502114454232 -0.0327465948412 0.772819638252
-0.0502114454232 -0.031291190626 0.772819638252
-0.0502114454232 -0.0298357864109 0.772819638252
-0.0502114454232 -0.0283803821957 0.772819638252
-0.0502112130661 -0.0269248533833 0.772816061974
-0.0502112130661 -0.0254694559031 0.772816061974
-0.0502112130661 -0.0240140584229 0.772816061974
-0.0502112130661 -0.0225586609427 0.772816061974
-0.0502112130661 -0.0211032634626 0.772816061974
-0.0502109845816 -0.0196477765754 0.7728125453
-0.0502109845816 -0.018192385718 0.7728125453
-0.0502109845816 -0.0167369948605 0.7728125453
-0.0502109845816 -0.0152816040031 0.7728125453
-0.0502109845816 -0.0138262131457 0.7728125453
-0.0502109845816 -0.0123708222882 0.7728125453
-0.0502107560971 -0.0109153817602 0.772809028625
-0.0502107560971 -0.00945999752555 0.772809028625
-0.0502107560971 -0.00800461329085 0.772809028625
-0.0502107560971 -0.00654922905615 0.772809028625
-0.0502107560971 -0.00509384482145 0.772809028625
-0.05021052374 -0.00363844374928 0.772805452347
-0.05021052374 -0.00218306624957 0.772805452347
-0.05021052374 -0.000727688749856 0.772805452347
-0.05021052374 0.000727688749856 0.772805452347
-0.05021052374 0.00218306624957 0.772805452347
-0.05021052374 0.00363844374928 0.772805452347
-0.0502102952556 0.00509379806941 0.772801935673
-0.0502102952556 0.00654916894638 0.772801935673
-0.0502102952556 0.00800453982335 0.772801935673
-0.0502102952556 0.00945991070033 0.772801935673
-0.0502102952556 0.0109152815773 0.772801935673
-0.0502102952556 0.0123706524543 0.772801935673
-0.0502100590259 0.0138259582825 0.772798299789
-0.0502100590259 0.0152813223122 0.772798299789
-0.0502100590259 0.016736686342 0.772798299789
-0.0502100590259 0.0181920503717 0.772798299789
-0.0502100590259 0.0196474144014 0.772798299789
-0.0502100590259 0.0211027784312 0.772798299789
-0.0502098305414 0.0225580398085 0.772794783115
-0.0502098305414 0.0240133972154 0.772794783115
-0.0502098305414 0.0254687546224 0.772794783115
-0.0502098305414 0.0269241120294 0.772794783115
-0.0502098305414 0.0283794694364 0.772794783115
-0.0502098305414 0.0298348268434 0.772794783115
-0.0502095981843 0.0312900394482 0.772791206837
-0.0502095981843 0.0327453901202 0.772791206837
-0.0502095981843 0.0342007407922 0.772791206837
-0.0502095981843 0.0356560914642 0.772791206837
-0.0502095981843 0.0371114421362 0.772791206837
-0.0502095981843 0.0385667928082 0.772791206837
-0.0502093696998 0.0400219613549 0.772787690163
-0.0502093696998 0.0414773054042 0.772787690163
-0.0502093696998 0.0429326494535 0.772787690163
-0.0502093696998 0.0443879935028 0.772787690163
-0.0502093696998 0.045843337552 0.772787690163
-0.0502091412154 0.0472984663623 0.772784173489
-0.0502091412154 0.0487538037888 0.772784173489
-0.0502091412154 0.0502091412154 0.772784173489
-0.0502091412154 0.0516644786419 0.772784173489
-0.0502091412154 0.0531198160684 0.772784173489
-0.0502091412154 0.054575153495 0.772784173489
-0.0502089088583 0.0560302316244 0.77278059721
-0.0502089088583 0.057485562316 0.77278059721
-0.0502089088583 0.0589408930075 0.77278059721
-0.0502089088583 0.0603962236991 0.77278059721
-0.0502089088583 0.0618515543906 0.77278059721
-0.0502089088583 0.0633068850822 0.77278059721
-0.0502086765012 0.0647619160667 0.772777020931
-0.0502086765012 0.0662172400233 0.772777020931
-0.0502086765012 0.0676725639799 0.772777020931
-0.0502086765012 0.0691278879364 0.772777020931
-0.0502086765012 0.070583211893 0.772777020931
-0.0502086765012 0.0720385358495 0.772777020931
-0.0502084480167 0.0734935253578 0.772773504257
-0.0502084480167 0.0749488426916 0.772773504257
-0.0502084480167 0.0764041600254 0.772773504257
-0.0502084480167 0.0778594773592 0.772773504257
-0.0502084480167 0.0793147946931 0.772773504257
-0.0502084480167 0.0807701120269 0.772773504257
-0.0502082156596 0.0822250488339 0.772769927979
-0.0502082156596 0.0836803594327 0.772769927979
-0.0502082156596 0.0851356700315 0.772769927979
-0.0502082156596 0.0865909806304 0.772769927979
-0.0502082156596 0.0880462912292 0.772769927979
-0.0502082156596 0.089501601828 0.772769927979
-0.0502079833025 0.0909564914901 0.7727663517
-0.0502079833025 0.0924117953539 0.7727663517
-0.0502079833025 0.0938670992178 0.7727663517
-0.0502079833025 0.0953224030816 0.7727663517
-0.0502079833025 0.0967777069455 0.7727663517
-0.0502077586907 0.0982325713513 0.77276289463
-0.0502077586907 0.0996878687047 0.77276289463
-0.0502077586907 0.101143166058 0.77276289463
-0.0502077586907 0.102598463411 0.77276289463
-0.0502077586907 0.104053760765 0.77276289463
-0.0502077586907 0.105509058118 0.77276289463
-0.0502075263336 0.10696386045 0.772759318352
-0.0502075263336 0.108419151068 0.772759318352
-0.0502075263336 0.109874441687 0.772759318352
-0.0502075263336 0.111329732305 0.772759318352
-0.0502075263336 0.112785022923 0.772759318352
-0.0502075263336 0.114240313542 0.772759318352
-0.0502072939765 0.115695068728 0.772755742073
-0.0502072939765 0.117150352612 0.772755742073
-0.0502072939765 0.118605636495 0.772755742073
-0.0502072939765 0.120060920379 0.772755742073
-0.0502072939765 0.121516204262 0.772755742073
-0.0502072939765 0.122971488145 0.772755742073
-0.050207065492 0.124426205785 0.772752225399
-0.050207065492 0.125881483045 0.772752225399
-0.050207065492 0.127336760306 0.772752225399
-0.050207065492 0.128792037567 0.772752225399
-0.050207065492 0.130247314827 0.772752225399
-0.050207065492 0.131702592088 0.772752225399
-0.0502068370076 0.133157263368 0.772748708725
-0.0502068370076 0.134612534006 0.772748708725
-0.0502068370076 0.136067804644 0.772748708725
-0.0502068370076 0.137523075282 0.772748708725
-0.0502068370076 0.138978345919 0.772748708725
-0.0502068370076 0.140433616557 0.772748708725
-0.0502066007778 0.14188821959 0.772745072842
-0.0502066007778 0.14334348338 0.772745072842
-0.0502066007778 0.144798747171 0.772745072842
-0.0502066007778 0.146254010962 0.772745072842
-0.0502066007778 0.147709274752 0.772745072842
-0.050206376166 0.149163871218 0.772741615772
-0.050206376166 0.150619128498 0.772741615772
-0.050206376166 0.152074385778 0.772741615772
-0.050206376166 0.153529643058 0.772741615772
-0.050206376166 0.154984900339 0.772741615772
-0.050206376166 0.156440157619 0.772741615772
-0.0502061399363 0.157894671974 0.772737979889
-0.0502061399363 0.159349922406 0.772737979889
-0.0502061399363 0.160805172839 0.772737979889
-0.0502061399363 0.162260423272 0.772737979889
-0.0502061399363 0.163715673705 0.772737979889
-0.0502061399363 0.165170924138 0.772737979889
-0.0502059153244 0.16662542912 0.77273452282
-0.0507841010888 0.170016338428 0.781633555889
-0.0499202400278 0.168571245311 0.768337607384
-0.0489315714428 -0.0416283518244 0.775601923466
-0.0488374719849 -0.0400904620771 0.774110376835
-0.0487681345527 -0.038577778079 0.77301132679
-0.0486940853789 -0.0370656470794 0.771837592125
-0.0486940853789 -0.035612092292 0.771837592125
-0.0486940853789 -0.0341585375046 0.771837592125
-0.0486940853789 -0.0327049827172 0.771837592125
-0.0486940853789 -0.0312514279297 0.771837592125
-0.0486940853789 -0.0297978731423 0.771837592125
-0.0486940853789 -0.0283443183549 0.771837592125
-0.0486940853789 -0.0268907635674 0.771837592125
-0.0486940853789 -0.02543720878 0.771837592125
-0.0486940853789 -0.0239836539926 0.771837592125
-0.0486940853789 -0.0225300992052 0.771837592125
-0.0486940853789 -0.0210765444177 0.771837592125
-0.0486940853789 -0.0196229896303 0.771837592125
-0.0486940853789 -0.0181694348429 0.771837592125
-0.0486940853789 -0.0167158800554 0.771837592125
-0.0486940853789 -0.015262325268 0.771837592125
-0.0486940853789 -0.0138087704806 0.771837592125
-0.0486940853789 -0.0123552156931 0.771837592125
-0.0486940853789 -0.0109016609057 0.771837592125
-0.0486940853789 -0.00944810611829 0.771837592125
-0.0486940853789 -0.00799455133086 0.771837592125
-0.0486940853789 -0.00654099654343 0.771837592125
-0.0486940853789 -0.005087441756 0.771837592125
-0.0486940853789 -0.00363388696857 0.771837592125
-0.0486940853789 -0.00218033218114 0.771837592125
-0.0486940853789 -0.000726777393715 0.771837592125
-0.0486940853789 0.000726777393715 0.771837592125
-0.0486940853789 0.00218033218114 0.771837592125
-0.0486940853789 0.00363388696857 0.771837592125
-0.0486938672775 0.00508741896929 0.771834135056
-0.0486938672775 0.00654096724623 0.771834135056
-0.0486938672775 0.00799451552317 0.771834135056
-0.0486938672775 0.00944806380011 0.771834135056
-0.0486938672775 0.0109016120771 0.771834135056
-0.0486938672775 0.012355160354 0.771834135056
-0.0486938672775 0.0138087086309 0.771834135056
-0.0486938672775 0.0152622569079 0.771834135056
-0.0486938672775 0.0167158051848 0.771834135056
-0.0486938672775 0.0181693534618 0.771834135056
-0.0486938672775 0.0196229017387 0.771834135056
-0.0486938672775 0.0210764500156 0.771834135056
-0.0486938672775 0.0225299982926 0.771834135056
-0.0486938672775 0.0239835465695 0.771834135056
-0.0486938672775 0.0254370948465 0.771834135056
-0.0486938672775 0.0268906431234 0.771834135056
-0.0486938672775 0.0283441914003 0.771834135056
-0.0486938672775 0.0297977396773 0.771834135056
-0.0486938672775 0.0312512879542 0.771834135056
-0.0486938672775 0.0327048362312 0.771834135056
-0.0486938672775 0.0341583845081 0.771834135056
-0.0486938672775 0.035611932785 0.771834135056
-0.0486938672775 0.037065481062 0.771834135056
-0.0486938672775 0.0385190293389 0.771834135056
-0.0486938672775 0.0399725776159 0.771834135056
-0.0486938672775 0.0414261258928 0.771834135056
-0.0486938672775 0.0428796741698 0.771834135056
-0.0486938672775 0.0443332224467 0.771834135056
-0.0486938672775 0.0457867707236 0.771834135056
-0.0486938672775 0.0472403190006 0.771834135056
-0.0486938672775 0.0486938672775 0.771834135056
-0.0486938672775 0.0501474155545 0.771834135056
-0.0486938672775 0.0516009638314 0.771834135056
-0.0486938672775 0.0530545121083 0.771834135056
-0.0486938672775 0.0545080603853 0.771834135056
-0.0486938672775 0.0559616086622 0.771834135056
-0.0486938672775 0.0574151569392 0.771834135056
-0.0486936416554 0.0588684324491 0.771830558777
-0.0486936416554 0.060321973991 0.771830558777
-0.0486936416554 0.061775515533 0.771830558777
-0.0486936416554 0.0632290570749 0.771830558777
-0.0486936416554 0.0646825986169 0.771830558777
-0.0486936416554 0.0661361401588 0.771830558777
-0.0486936416554 0.0675896817008 0.771830558777
-0.0486936416554 0.0690432232428 0.771830558777
-0.0486936416554 0.0704967647847 0.771830558777
-0.0486936416554 0.0719503063267 0.771830558777
-0.0486936416554 0.0734038478686 0.771830558777
-0.0486936416554 0.0748573894106 0.771830558777
-0.0486936416554 0.0763109309525 0.771830558777
-0.0486936416554 0.0777644724945 0.771830558777
-0.0486936416554 0.0792180140364 0.771830558777
-0.0486936416554 0.0806715555784 0.771830558777
-0.0486936416554 0.0821250971203 0.771830558777
-0.0486936416554 0.0835786386623 0.771830558777
-0.0486936416554 0.0850321802042 0.771830558777
-0.0486936416554 0.0864857217462 0.771830558777
-0.0486936416554 0.0879392632881 0.771830558777
-0.0486936416554 0.0893928048301 0.771830558777
-0.0486936416554 0.090846346372 0.771830558777
-0.0486936416554 0.092299887914 0.771830558777
-0.0486936416554 0.0937534294559 0.771830558777
-0.0486936416554 0.0952069709979 0.771830558777
-0.0486936416554 0.0966605125399 0.771830558777
-0.0486936416554 0.0981140540818 0.771830558777
-0.0486936416554 0.0995675956238 0.771830558777
-0.0486936416554 0.101021137166 0.771830558777
-0.0486936416554 0.102474678708 0.771830558777
-0.0486936416554 0.10392822025 0.771830558777
-0.0486936416554 0.105381761792 0.771830558777
-0.0486936416554 0.106835303334 0.771830558777
-0.0486936416554 0.108288844875 0.771830558777
-0.0486936416554 0.109742386417 0.771830558777
-0.0486936416554 0.111195927959 0.771830558777
-0.0486934160333 0.11264894754 0.771826982498
-0.0486934160333 0.114102482347 0.771826982498
-0.0486934160333 0.115556017154 0.771826982498
-0.0486934160333 0.117009551961 0.771826982498
-0.0486934160333 0.118463086768 0.771826982498
-0.0486934160333 0.119916621575 0.771826982498
-0.0486934160333 0.121370156382 0.771826982498
-0.0486934160333 0.122823691189 0.771826982498
-0.0486934160333 0.124277225995 0.771826982498
-0.0486934160333 0.125730760802 0.771826982498
-0.0486934160333 0.127184295609 0.771826982498
-0.0486934160333 0.128637830416 0.771826982498
-0.0486934160333 0.130091365223 0.771826982498
-0.0486934160333 0.13154490003 0.771826982498
-0.0486934160333 0.132998434837 0.771826982498
-0.0486934160333 0.134451969644 0.771826982498
-0.0486934160333 0.135905504451 0.771826982498
-0.0486934160333 0.137359039258 0.771826982498
-0.0486934160333 0.138812574065 0.771826982498
-0.0486934160333 0.140266108872 0.771826982498
-0.0486934160333 0.141719643679 0.771826982498
-0.0486934160333 0.143173178486 0.771826982498
-0.0486934160333 0.144626713293 0.771826982498
-0.0486934160333 0.1460802481 0.771826982498
-0.0486934160333 0.147533782907 0.771826982498
-0.0486934160333 0.148987317714 0.771826982498
-0.0486934160333 0.150440852521 0.771826982498
-0.0486934160333 0.151894387328 0.771826982498
-0.0486934160333 0.153347922135 0.771826982498
-0.0486934160333 0.154801456942 0.771826982498
-0.0486934160333 0.156254991749 0.771826982498
-0.0486934160333 0.157708526556 0.771826982498
-0.0486934160333 0.159162061363 0.771826982498
-0.0486934160333 0.16061559617 0.771826982498
-0.0486934160333 0.162069130977 0.771826982498
-0.0486934160333 0.163522665784 0.771826982498
-0.0486931941716 0.16497544891 0.771823465824
-0.0486931941716 0.166428977094 0.771823465824
-0.0493134744536 0.170021083564 0.781655371189
-0.0484805867048 0.168596667197 0.768453478813
-0.0474982993526 -0.0431138409509 0.776049137115
-0.0474306997157 -0.0415930751353 0.774944663048
-0.0473635086681 -0.0400768150269 0.7738468647
-0.0472962957318 -0.0385646719044 0.772748708725
-0.0472264525019 -0.0370546011938 0.771607577801
-0.0472264525019 -0.0356014795784 0.771607577801
-0.0472264525019 -0.0341483579629 0.771607577801
-0.0472264525019 -0.0326952363475 0.771607577801
-0.0472264525019 -0.031242114732 0.771607577801
-0.0472264525019 -0.0297889931166 0.771607577801
-0.0472264525019 -0.0283358715012 0.771607577801
-0.0472264525019 -0.0268827498857 0.771607577801
-0.0472264525019 -0.0254296282703 0.771607577801
-0.0472264525019 -0.0239765066548 0.771607577801
-0.0472264525019 -0.0225233850394 0.771607577801
-0.0472264525019 -0.0210702634239 0.771607577801
-0.0472264525019 -0.0196171418085 0.771607577801
-0.0472264525019 -0.018164020193 0.771607577801
-0.0472264525019 -0.0167108985776 0.771607577801
-0.0472264525019 -0.0152577769622 0.771607577801
-0.0472264525019 -0.0138046553467 0.771607577801
-0.0472264525019 -0.0123515337313 0.771607577801
-0.0472264525019 -0.0108984121158 0.771607577801
-0.0472264525019 -0.00944529050039 0.771607577801
-0.0472264525019 -0.00799216888494 0.771607577801
-0.0472264525019 -0.0065390472695 0.771607577801
-0.0472264525019 -0.00508592565405 0.771607577801
-0.0472264525019 -0.00363280403861 0.771607577801
-0.0472264525019 -0.00217968242317 0.771607577801
-0.0472264525019 -0.000726560807722 0.771607577801
-0.0472264525019 0.000726560807722 0.771607577801
-0.0472264525019 0.00217968242317 0.771607577801
-0.0472264525019 0.00363280403861 0.771607577801
-0.0472264525019 0.00508592565405 0.771607577801
-0.0472264525019 0.0065390472695 0.771607577801
-0.0472264525019 0.00799216888494 0.771607577801
-0.0472264525019 0.00944529050039 0.771607577801
-0.0472264525019 0.0108984121158 0.771607577801
-0.0472262336148 0.0123514764839 0.771604001522
-0.0472262336148 0.0138045913643 0.771604001522
-0.0472262336148 0.0152577062448 0.771604001522
-0.0472262336148 0.0167108211252 0.771604001522
-0.0472262336148 0.0181639360057 0.771604001522
-0.0472262336148 0.0196170508862 0.771604001522
-0.0472262336148 0.0210701657666 0.771604001522
-0.0472262336148 0.0225232806471 0.771604001522
-0.0472262336148 0.0239763955275 0.771604001522
-0.0472262336148 0.025429510408 0.771604001522
-0.0472262336148 0.0268826252884 0.771604001522
-0.0472262336148 0.0283357401689 0.771604001522
-0.0472262336148 0.0297888550493 0.771604001522
-0.0472262336148 0.0312419699298 0.771604001522
-0.0472262336148 0.0326950848103 0.771604001522
-0.0472262336148 0.0341481996907 0.771604001522
-0.0472262336148 0.0356013145712 0.771604001522
-0.0472262336148 0.0370544294516 0.771604001522
-0.0472262336148 0.0385075443321 0.771604001522
-0.0472262336148 0.0399606592125 0.771604001522
-0.0472262336148 0.041413774093 0.771604001522
-0.0472262336148 0.0428668889734 0.771604001522
-0.0472262336148 0.0443200038539 0.771604001522
-0.0472262336148 0.0457731187344 0.771604001522
-0.0472262336148 0.0472262336148 0.771604001522
-0.0472262336148 0.0486793484953 0.771604001522
-0.0472262336148 0.0501324633757 0.771604001522
-0.0472262336148 0.0515855782562 0.771604001522
-0.0472262336148 0.0530386931366 0.771604001522
-0.0472262336148 0.0544918080171 0.771604001522
-0.0472262336148 0.0559449228976 0.771604001522
-0.0472262336148 0.057398037778 0.771604001522
-0.0472262336148 0.0588511526585 0.771604001522
-0.0472262336148 0.0603042675389 0.771604001522
-0.0472262336148 0.0617573824194 0.771604001522
-0.0472262336148 0.0632104972998 0.771604001522
-0.0472262336148 0.0646636121803 0.771604001522
-0.0472260183758 0.0661164257261 0.771600484848
-0.0472260183758 0.0675695339839 0.771600484848
-0.0472260183758 0.0690226422416 0.771600484848
-0.0472260183758 0.0704757504993 0.771600484848
-0.0472260183758 0.071928858757 0.771600484848
-0.0472260183758 0.0733819670147 0.771600484848
-0.0472260183758 0.0748350752725 0.771600484848
-0.0472260183758 0.0762881835302 0.771600484848
-0.0472260183758 0.0777412917879 0.771600484848
-0.0472260183758 0.0791944000456 0.771600484848
-0.0472260183758 0.0806475083033 0.771600484848
-0.0472260183758 0.082100616561 0.771600484848
-0.0472260183758 0.0835537248188 0.771600484848
-0.0472260183758 0.0850068330765 0.771600484848
-0.0472260183758 0.0864599413342 0.771600484848
-0.0472260183758 0.0879130495919 0.771600484848
-0.0472260183758 0.0893661578496 0.771600484848
-0.0472260183758 0.0908192661073 0.771600484848
-0.0472260183758 0.0922723743651 0.771600484848
-0.0472260183758 0.0937254826228 0.771600484848
-0.0472260183758 0.0951785908805 0.771600484848
-0.0472260183758 0.0966316991382 0.771600484848
-0.0472260183758 0.0980848073959 0.771600484848
-0.0472260183758 0.0995379156537 0.771600484848
-0.0472260183758 0.100991023911 0.771600484848
-0.0472260183758 0.102444132169 0.771600484848
-0.0472260183758 0.103897240427 0.771600484848
-0.0472260183758 0.105350348685 0.771600484848
-0.0472260183758 0.106803456942 0.771600484848
-0.0472260183758 0.1082565652 0.771600484848
-0.0472260183758 0.109709673458 0.771600484848
-0.0472260183758 0.111162781715 0.771600484848
-0.0472260183758 0.112615889973 0.771600484848
-0.0472260183758 0.114068998231 0.771600484848
-0.0472260183758 0.115522106489 0.771600484848
-0.0472260183758 0.116975214746 0.771600484848
-0.0472260183758 0.118428323004 0.771600484848
-0.0472257994887 0.119880875625 0.771596908569
-0.0472257994887 0.121333977148 0.771596908569
-0.0472257994887 0.122787078671 0.771596908569
-0.0472257994887 0.124240180193 0.771596908569
-0.0472257994887 0.125693281716 0.771596908569
-0.0472257994887 0.127146383239 0.771596908569
-0.0472257994887 0.128599484762 0.771596908569
-0.0472257994887 0.130052586284 0.771596908569
-0.0472257994887 0.131505687807 0.771596908569
-0.0472257994887 0.13295878933 0.771596908569
-0.0472257994887 0.134411890852 0.771596908569
-0.0472257994887 0.135864992375 0.771596908569
-0.0472257994887 0.137318093898 0.771596908569
-0.0472257994887 0.138771195421 0.771596908569
-0.0472257994887 0.140224296943 0.771596908569
-0.0472257994887 0.141677398466 0.771596908569
-0.0472257994887 0.143130499989 0.771596908569
-0.0472257994887 0.144583601512 0.771596908569
-0.0472257994887 0.146036703034 0.771596908569
-0.0472257994887 0.147489804557 0.771596908569
-0.0472257994887 0.14894290608 0.771596908569
-0.0472257994887 0.150396007602 0.771596908569
-0.0472257994887 0.151849109125 0.771596908569
-0.0472257994887 0.153302210648 0.771596908569
-0.0472257994887 0.154755312171 0.771596908569
-0.0472257994887 0.156208413693 0.771596908569
-0.0472257994887 0.157661515216 0.771596908569
-0.0472257994887 0.159114616739 0.771596908569
-0.0472257994887 0.160567718262 0.771596908569
-0.0472257994887 0.162020819784 0.771596908569
-0.0472257994887 0.163473921307 0.771596908569
-0.0472257994887 0.16492702283 0.771596908569
-0.0472257994887 0.166380124353 0.771596908569
-0.0478427620033 0.170025815735 0.781677126884
-0.0470402817156 0.168621317534 0.768565833569
-0.0460310780396 -0.0431084699101 0.775952458382
-0.045955629672 -0.0415789030366 0.774680614471
-0.0458905520075 -0.040063180324 0.773583590984
-0.045825449592 -0.0385515687044 0.772486150265
-0.0457598981211 -0.0370437270504 0.771381139755
-0.0457598981211 -0.0355910318719 0.771381139755
-0.0457598981211 -0.0341383366935 0.771381139755
-0.0457596824331 -0.0326854874522 0.771377503872
-0.0457596824331 -0.031232799121 0.771377503872
-0.0457596824331 -0.0297801107898 0.771377503872
-0.0457596824331 -0.0283274224586 0.771377503872
-0.0457596824331 -0.0268747341274 0.771377503872
-0.0457596824331 -0.0254220457962 0.771377503872
-0.0457596824331 -0.0239693574649 0.771377503872
-0.0457596824331 -0.0225166691337 0.771377503872
-0.0457596824331 -0.0210639808025 0.771377503872
-0.0457596824331 -0.0196112924713 0.771377503872
-0.0457596824331 -0.0181586041401 0.771377503872
-0.0457596824331 -0.0167059158089 0.771377503872
-0.0457596824331 -0.0152532274777 0.771377503872
-0.0457596824331 -0.0138005391465 0.771377503872
-0.0457596824331 -0.0123478508153 0.771377503872
-0.0457596824331 -0.0108951624841 0.771377503872
-0.0457596824331 -0.00944247415286 0.771377503872
-0.0457596824331 -0.00798978582165 0.771377503872
-0.0457596824331 -0.00653709749044 0.771377503872
-0.0457596824331 -0.00508440915923 0.771377503872
-0.0457596824331 -0.00363172082802 0.771377503872
-0.0457596824331 -0.00217903249681 0.771377503872
-0.0457596824331 -0.000726344165604 0.771377503872
-0.0457596824331 0.000726344165604 0.771377503872
-0.0457596824331 0.00217903249681 0.771377503872
-0.0457596824331 0.00363172082802 0.771377503872
-0.0457596824331 0.00508440915923 0.771377503872
-0.0457596824331 0.00653709749044 0.771377503872
-0.0457596824331 0.00798978582165 0.771377503872
-0.0457596824331 0.00944247415286 0.771377503872
-0.0457596824331 0.0108951624841 0.771377503872
-0.0457596824331 0.0123478508153 0.771377503872
-0.0457596824331 0.0138005391465 0.771377503872
-0.0457596824331 0.0152532274777 0.771377503872
-0.0457596824331 0.0167059158089 0.771377503872
-0.0457596824331 0.0181586041401 0.771377503872
-0.0457596824331 0.0196112924713 0.771377503872
-0.0457594808886 0.0210638880281 0.771374106407
-0.0457594808886 0.022516569961 0.771374106407
-0.0457594808886 0.023969251894 0.771374106407
-0.0457594808886 0.025421933827 0.771374106407
-0.0457594808886 0.0268746157599 0.771374106407
-0.0457594808886 0.0283272976929 0.771374106407
-0.0457594808886 0.0297799796259 0.771374106407
-0.0457594808886 0.0312326615589 0.771374106407
-0.0457594808886 0.0326853434918 0.771374106407
-0.0457594808886 0.0341380254248 0.771374106407
-0.0457594808886 0.0355907073578 0.771374106407
-0.0457594808886 0.0370433892907 0.771374106407
-0.0457594808886 0.0384960712237 0.771374106407
-0.0457594808886 0.0399487531567 0.771374106407
-0.0457594808886 0.0414014350897 0.771374106407
-0.0457594808886 0.0428541170226 0.771374106407
-0.0457594808886 0.0443067989556 0.771374106407
-0.0457594808886 0.0457594808886 0.771374106407
-0.0457594808886 0.0472121628215 0.771374106407
-0.0457594808886 0.0486648447545 0.771374106407
-0.0457594808886 0.0501175266875 0.771374106407
-0.0457594808886 0.0515702086204 0.771374106407
-0.0457594808886 0.0530228905534 0.771374106407
-0.0457594808886 0.0544755724864 0.771374106407
-0.0457594808886 0.0559282544194 0.771374106407
-0.0457594808886 0.0573809363523 0.771374106407
-0.0457594808886 0.0588336182853 0.771374106407
-0.0457594808886 0.0602863002183 0.771374106407
-0.0457594808886 0.0617389821512 0.771374106407
-0.0457594808886 0.0631916640842 0.771374106407
-0.0457594808886 0.0646443460172 0.771374106407
-0.0457594808886 0.0660970279501 0.771374106407
-0.0457594808886 0.0675497098831 0.771374106407
-0.0457594808886 0.0690023918161 0.771374106407
-0.0457594808886 0.0704550737491 0.771374106407
-0.0457594808886 0.071907755682 0.771374106407
-0.0457594808886 0.073360437615 0.771374106407
-0.0457592652006 0.0748127669152 0.771370470524
-0.0457592652006 0.0762654420009 0.771370470524
-0.0457592652006 0.0777181170867 0.771370470524
-0.0457592652006 0.0791707921724 0.771370470524
-0.0457592652006 0.0806234672581 0.771370470524
-0.0457592652006 0.0820761423439 0.771370470524
-0.0457592652006 0.0835288174296 0.771370470524
-0.0457592652006 0.0849814925153 0.771370470524
-0.0457592652006 0.0864341676011 0.771370470524
-0.0457592652006 0.0878868426868 0.771370470524
-0.0457592652006 0.0893395177725 0.771370470524
-0.0457592652006 0.0907921928583 0.771370470524
-0.0457592652006 0.092244867944 0.771370470524
-0.0457592652006 0.0936975430297 0.771370470524
-0.0457592652006 0.0951502181155 0.771370470524
-0.0457592652006 0.0966028932012 0.771370470524
-0.0457592652006 0.0980555682869 0.771370470524
-0.0457592652006 0.0995082433727 0.771370470524
-0.0457592652006 0.100960918458 0.771370470524
-0.0457592652006 0.102413593544 0.771370470524
-0.0457592652006 0.10386626863 0.771370470524
-0.0457592652006 0.105318943716 0.771370470524
-0.0457592652006 0.106771618801 0.771370470524
-0.0457592652006 0.108224293887 0.771370470524
-0.0457592652006 0.109676968973 0.771370470524
-0.0457592652006 0.111129644059 0.771370470524
-0.0457592652006 0.112582319144 0.771370470524
-0.0457592652006 0.11403499423 0.771370470524
-0.0457592652006 0.115487669316 0.771370470524
-0.0457592652006 0.116940344401 0.771370470524
-0.0457592652006 0.118393019487 0.771370470524
-0.0457592652006 0.119845694573 0.771370470524
-0.0457592652006 0.121298369659 0.771370470524
-0.0457592652006 0.122751044744 0.771370470524
-0.0457592652006 0.12420371983 0.771370470524
-0.0457592652006 0.125656394916 0.771370470524
-0.0457592652006 0.127109070002 0.771370470524
-0.0457590601202 0.128561168909 0.771367013454
-0.0457590601202 0.130013837484 0.771367013454
-0.0457590601202 0.13146650606 0.771367013454
-0.0457590601202 0.132919174635 0.771367013454
-0.0457590601202 0.13437184321 0.771367013454
-0.0457590601202 0.135824511785 0.771367013454
-0.0457590601202 0.137277180361 0.771367013454
-0.0457590601202 0.138729848936 0.771367013454
-0.0457590601202 0.140182517511 0.771367013454
-0.0457590601202 0.141635186086 0.771367013454
-0.0457590601202 0.143087854662 0.771367013454
-0.0457590601202 0.144540523237 0.771367013454
-0.0457590601202 0.145993191812 0.771367013454
-0.0457590601202 0.147445860387 0.771367013454
-0.0457590601202 0.148898528962 0.771367013454
-0.0457590601202 0.150351197538 0.771367013454
-0.0457590601202 0.151803866113 0.771367013454
-0.0457590601202 0.153256534688 0.771367013454
-0.0457590601202 0.154709203263 0.771367013454
-0.0457590601202 0.156161871839 0.771367013454
-0.0457590601202 0.157614540414 0.771367013454
-0.0457590601202 0.159067208989 0.771367013454
-0.0457590601202 0.160519877564 0.771367013454
-0.0457590601202 0.16197254614 0.771367013454
-0.0457590601202 0.163425214715 0.771367013454
-0.0457590601202 0.16487788329 0.771367013454
-0.0457590601202 0.166330551865 0.771367013454
-0.0464038788262 0.170147555696 0.782236814499
-0.0455995500088 0.168645954794 0.768678128719
-0.0445326003202 -0.0416124298074 0.775305271149
-0.0444623236939 -0.0400889803798 0.774081766605
-0.04439247502 -0.0385705110829 0.772865712643
-0.0443265121535 -0.0370598708169 0.771717309952
-0.0443265121535 -0.0356065425496 0.771717309952
-0.0443265121535 -0.0341532142822 0.771717309952
-0.0443265121535 -0.0326998860149 0.771717309952
-0.0443265121535 -0.0312465577476 0.771717309952
-0.0443265121535 -0.0297932294802 0.771717309952
-0.0443267107234 -0.0283400281674 0.771720767021
-0.0443267107234 -0.0268866933896 0.771720767021
-0.0443267107234 -0.0254333586118 0.771720767021
-0.0443267107234 -0.023980023834 0.771720767021
-0.0443267107234 -0.0225266890562 0.771720767021
-0.0443267107234 -0.0210733542784 0.771720767021
-0.0443267107234 -0.0196200195005 0.771720767021
-0.0443267107234 -0.0181666847227 0.771720767021
-0.0443267107234 -0.0167133499449 0.771720767021
-0.0443267107234 -0.0152600151671 0.771720767021
-0.044326912717 -0.0138067433053 0.771724283695
-0.044326912717 -0.0123534019047 0.771724283695
-0.044326912717 -0.0109000605042 0.771724283695
-0.044326912717 -0.00944671910361 0.771724283695
-0.044326912717 -0.00799337770306 0.771724283695
-0.044326912717 -0.0065400363025 0.771724283695
-0.044326912717 -0.00508669490195 0.771724283695
-0.044326912717 -0.00363335350139 0.771724283695
-0.044326912717 -0.00218001210083 0.771724283695
-0.044326912717 -0.000726670700278 0.771724283695
-0.0443271147105 0.000726674011647 0.771727800369
-0.0443271147105 0.00218002203494 0.771727800369
-0.0443271147105 0.00363337005824 0.771727800369
-0.0443271147105 0.00508671808153 0.771727800369
-0.0443271147105 0.00654006610482 0.771727800369
-0.0443271147105 0.00799341412812 0.771727800369
-0.0443271147105 0.00944676215141 0.771727800369
-0.0443271147105 0.0109001101747 0.771727800369
-0.0443271147105 0.012353458198 0.771727800369
-0.0443273201276 0.0138068702037 0.771731376648
-0.0443273201276 0.015260224962 0.771731376648
-0.0443273201276 0.0167135797202 0.771731376648
-0.0443273201276 0.0181669344785 0.771731376648
-0.0443273201276 0.0196202892368 0.771731376648
-0.0443273201276 0.0210736439951 0.771731376648
-0.0443273201276 0.0225269987534 0.771731376648
-0.0443273201276 0.0239803535117 0.771731376648
-0.0443273201276 0.0254337082699 0.771731376648
-0.0443273201276 0.0268870630282 0.771731376648
-0.0443275221211 0.0283405469299 0.771734893322
-0.0443275221211 0.0297939083109 0.771734893322
-0.0443275221211 0.0312472696919 0.771734893322
-0.0443275221211 0.032700631073 0.771734893322
-0.0443275221211 0.034153992454 0.771734893322
-0.0443275221211 0.035607353835 0.771734893322
-0.0443275221211 0.037060715216 0.771734893322
-0.0443275221211 0.038514076597 0.771734893322
-0.0443275221211 0.0399674379781 0.771734893322
-0.0443275221211 0.0414207993591 0.771734893322
-0.0443277309619 0.0428743627336 0.771738529205
-0.0443277309619 0.0443277309619 0.771738529205
-0.0443277309619 0.0457810991901 0.771738529205
-0.0443277309619 0.0472344674184 0.771738529205
-0.0443277309619 0.0486878356467 0.771738529205
-0.0443277309619 0.0501412038749 0.771738529205
-0.0443277309619 0.0515945721032 0.771738529205
-0.0443277309619 0.0530479403314 0.771738529205
-0.0443277309619 0.0545013085597 0.771738529205
-0.0443277309619 0.055954676788 0.771738529205
-0.0443279295318 0.0574083021805 0.771741986275
-0.0443279295318 0.0588616769193 0.771741986275
-0.0443279295318 0.060315051658 0.771741986275
-0.0443279295318 0.0617684263968 0.771741986275
-0.0443279295318 0.0632218011355 0.771741986275
-0.0443279295318 0.0646751758742 0.771741986275
-0.0443279295318 0.066128550613 0.771741986275
-0.0443279295318 0.0675819253517 0.771741986275
-0.0443279295318 0.0690353000905 0.771741986275
-0.0443279295318 0.0704886748292 0.771741986275
-0.0443281383725 0.0719423885063 0.771745622158
-0.0443281383725 0.0733957700922 0.771745622158
-0.0443281383725 0.0748491516782 0.771745622158
-0.0443281383725 0.0763025332642 0.771745622158
-0.0443281383725 0.0777559148502 0.771745622158
-0.0443281383725 0.0792092964362 0.771745622158
-0.0443281383725 0.0806626780222 0.771745622158
-0.0443281383725 0.0821160596082 0.771745622158
-0.0443281383725 0.0835694411941 0.771745622158
-0.0443283335188 0.0850231970771 0.771749019623
-0.0443283335188 0.0864765850613 0.771749019623
-0.0443283335188 0.0879299730455 0.771749019623
-0.0443283335188 0.0893833610298 0.771749019623
-0.0443283335188 0.090836749014 0.771749019623
-0.0443283335188 0.0922901369982 0.771749019623
-0.0443283335188 0.0937435249824 0.771749019623
-0.0443283335188 0.0951969129667 0.771749019623
-0.0443283335188 0.0966503009509 0.771749019623
-0.0443283335188 0.0981036889351 0.771749019623
-0.0443285423596 0.0995575459551 0.771752655506
-0.0443285423596 0.101010940787 0.771752655506
-0.0443285423596 0.102464335618 0.771752655506
-0.0443285423596 0.10391773045 0.771752655506
-0.0443285423596 0.105371125281 0.771752655506
-0.0443285423596 0.106824520112 0.771752655506
-0.0443285423596 0.108277914944 0.771752655506
-0.0443285423596 0.109731309775 0.771752655506
-0.0443285423596 0.111184704607 0.771752655506
-0.0443285423596 0.112638099438 0.771752655506
-0.0443287409295 0.114092005343 0.771756112576
-0.0443287409295 0.115545406685 0.771756112576
-0.0443287409295 0.116998808027 0.771756112576
-0.0443287409295 0.118452209369 0.771756112576
-0.0443287409295 0.119905610711 0.771756112576
-0.0443287409295 0.121359012053 0.771756112576
-0.0443287409295 0.122812413395 0.771756112576
-0.0443287409295 0.124265814737 0.771756112576
-0.0443287409295 0.125719216079 0.771756112576
-0.0443287409295 0.127172617421 0.771756112576
-0.0443289497702 0.128626624743 0.771759748459
-0.0443289497702 0.130080032932 0.771759748459
-0.0443289497702 0.131533441122 0.771759748459
-0.0443289497702 0.132986849311 0.771759748459
-0.0443289497702 0.1344402575 0.771759748459
-0.0443289497702 0.135893665689 0.771759748459
-0.0443289497702 0.137347073878 0.771759748459
-0.0443289497702 0.138800482067 0.771759748459
-0.0443289497702 0.140253890257 0.771759748459
-0.0443291483401 0.141707933218 0.771763205528
-0.0443291483401 0.143161347918 0.771763205528
-0.0443291483401 0.144614762618 0.771763205528
-0.0443291483401 0.146068177317 0.771763205528
-0.0443291483401 0.147521592017 0.771763205528
-0.0443291483401 0.148975006717 0.771763205528
-0.0443291483401 0.150428421417 0.771763205528
-0.0443291483401 0.151881836116 0.771763205528
-0.0443291483401 0.153335250816 0.771763205528
-0.0443291483401 0.154788665516 0.771763205528
-0.0443293571809 0.156242816293 0.771766841412
-0.0443293571809 0.15769623784 0.771766841412
-0.0443293571809 0.159149659387 0.771766841412
-0.0443293571809 0.160603080934 0.771766841412
-0.0443293571809 0.162056502481 0.771766841412
-0.0443293571809 0.163509924028 0.771766841412
-0.0443293571809 0.164963345575 0.771766841412
-0.0443293571809 0.166416767122 0.771766841412
-0.0449313663381 0.170149928264 0.782247722149
-0.0441586007618 0.16867137668 0.768794000149
-0.0430366231336 -0.040118885972 0.774659216404
-0.0429687632455 -0.0385990585086 0.773437738419
-0.0429003371133 -0.0370833422505 0.772206068039
-0.0429005324841 -0.0356292557918 0.772209584713
-0.0429005324841 -0.0341750004534 0.772209584713
-0.0429005324841 -0.032720745115 0.772209584713
-0.0429005324841 -0.0312664897765 0.772209584713
-0.0429005324841 -0.0298122344381 0.772209584713
-0.0429005324841 -0.0283579790996 0.772209584713
-0.0429005324841 -0.0269037237612 0.772209584713
-0.0429005324841 -0.0254494684227 0.772209584713
-0.0429005324841 -0.0239952130843 0.772209584713
-0.0429007278548 -0.0225410603983 0.772213101387
-0.0429007278548 -0.0210867984371 0.772213101387
-0.0429007278548 -0.0196325364759 0.772213101387
-0.0429007278548 -0.0181782745148 0.772213101387
-0.0429007278548 -0.0167240125536 0.772213101387
-0.0429007278548 -0.0152697505924 0.772213101387
-0.0429007278548 -0.0138154886312 0.772213101387
-0.0429007278548 -0.01236122667 0.772213101387
-0.0429007278548 -0.0109069647089 0.772213101387
-0.0429007278548 -0.00945270274768 0.772213101387
-0.0429009232256 -0.00799847721156 0.772216618061
-0.0429009232256 -0.00654420862764 0.772216618061
-0.0429009232256 -0.00508994004372 0.772216618061
-0.0429009232256 -0.0036356714598 0.772216618061
-0.0429009232256 -0.00218140287588 0.772216618061
-0.0429009232256 -0.00072713429196 0.772216618061
-0.0429009232256 0.00072713429196 0.772216618061
-0.0429009232256 0.00218140287588 0.772216618061
-0.0429009232256 0.0036356714598 0.772216618061
-0.0429009232256 0.00508994004372 0.772216618061
-0.0429011219078 0.00654423893508 0.77222019434
-0.0429011219078 0.00799851425399 0.77222019434
-0.0429011219078 0.0094527895729 0.77222019434
-0.0429011219078 0.0109070648918 0.77222019434
-0.0429011219078 0.0123613402107 0.77222019434
-0.0429011219078 0.0138156155296 0.77222019434
-0.0429011219078 0.0152698908485 0.77222019434
-0.0429011219078 0.0167241661674 0.77222019434
-0.0429011219078 0.0181784414863 0.77222019434
-0.0429011219078 0.0196327168052 0.77222019434
-0.0429013205899 0.0210870897815 0.772223770618
-0.0429013205899 0.0225413718354 0.772223770618
-0.0429013205899 0.0239956538893 0.772223770618
-0.0429013205899 0.0254499359432 0.772223770618
-0.0429013205899 0.0269042179971 0.772223770618
-0.0429013205899 0.028358500051 0.772223770618
-0.0429013205899 0.0298127821049 0.772223770618
-0.0429013205899 0.0312670641588 0.772223770618
-0.0429013205899 0.0327213462126 0.772223770618
-0.0429013205899 0.0341756282665 0.772223770618
-0.0429015159607 0.0356300725775 0.772227287292
-0.0429015159607 0.0370843612542 0.772227287292
-0.0429015159607 0.0385386499308 0.772227287292
-0.0429015159607 0.0399929386074 0.772227287292
-0.0429015159607 0.0414472272841 0.772227287292
-0.0429015159607 0.0429015159607 0.772227287292
-0.0429015159607 0.0443558046373 0.772227287292
-0.0429015159607 0.045810093314 0.772227287292
-0.0429015159607 0.0472643819906 0.772227287292
-0.0429017113315 0.048718892529 0.772230803967
-0.0429017113315 0.0501731878283 0.772230803967
-0.0429017113315 0.0516274831277 0.772230803967
-0.0429017113315 0.0530817784271 0.772230803967
-0.0429017113315 0.0545360737264 0.772230803967
-0.0429017113315 0.0559903690258 0.772230803967
-0.0429017113315 0.0574446643252 0.772230803967
-0.0429017113315 0.0588989596246 0.772230803967
-0.0429017113315 0.0603532549239 0.772230803967
-0.0429017113315 0.0618075502233 0.772230803967
-0.0429019100136 0.0632621384947 0.772234380245
-0.0429019100136 0.064716440529 0.772234380245
-0.0429019100136 0.0661707425634 0.772234380245
-0.0429019100136 0.0676250445977 0.772234380245
-0.0429019100136 0.0690793466321 0.772234380245
-0.0429019100136 0.0705336486665 0.772234380245
-0.0429019100136 0.0719879507008 0.772234380245
-0.0429019100136 0.0734422527352 0.772234380245
-0.0429019100136 0.0748965547695 0.772234380245
-0.0429019100136 0.0763508568039 0.772234380245
-0.0429021053844 0.0778055131548 0.772237896919
-0.0429021053844 0.0792598218119 0.772237896919
-0.0429021053844 0.080714130469 0.772237896919
-0.0429021053844 0.0821684391261 0.772237896919
-0.0429021053844 0.0836227477832 0.772237896919
-0.0429021053844 0.0850770564403 0.772237896919
-0.0429021053844 0.0865313650974 0.772237896919
-0.0429021053844 0.0879856737545 0.772237896919
-0.0429021053844 0.0894399824116 0.772237896919
-0.0429021053844 0.0908942910687 0.772237896919
-0.0429023073779 0.0923490345254 0.772241532803
-0.0429023073779 0.0938033500297 0.772241532803
-0.0429023073779 0.095257665534 0.772241532803
-0.0429023073779 0.0967119810384 0.772241532803
-0.0429023073779 0.0981662965427 0.772241532803
-0.0429023073779 0.099620612047 0.772241532803
-0.0429023073779 0.101074927551 0.772241532803
-0.0429023073779 0.102529243056 0.772241532803
-0.0429023073779 0.10398355856 0.772241532803
-0.0429024994373 0.105438346075 0.772244989872
-0.0429024994373 0.10689266809 0.772244989872
-0.0429024994373 0.108346990104 0.772244989872
-0.0429024994373 0.109801312119 0.772244989872
-0.0429024994373 0.111255634134 0.772244989872
-0.0429024994373 0.112709956149 0.772244989872
-0.0429024994373 0.114164278164 0.772244989872
-0.0429024994373 0.115618600179 0.772244989872
-0.0429024994373 0.117072922193 0.772244989872
-0.0429024994373 0.118527244208 0.772244989872
-0.0429027014309 0.11998213112 0.772248625755
-0.0429027014309 0.121436459982 0.772248625755
-0.0429027014309 0.122890788844 0.772248625755
-0.0429027014309 0.124345117706 0.772248625755
-0.0429027014309 0.125799446568 0.772248625755
-0.0429027014309 0.12725377543 0.772248625755
-0.0429027014309 0.128708104293 0.772248625755
-0.0429027014309 0.130162433155 0.772248625755
-0.0429027014309 0.131616762017 0.772248625755
-0.0429027014309 0.133071090879 0.772248625755
-0.0429028968016 0.134526032344 0.772252142429
-0.0429028968016 0.135980367829 0.772252142429
-0.0429028968016 0.137434703314 0.772252142429
-0.0429028968016 0.138889038798 0.772252142429
-0.0429028968016 0.140343374283 0.772252142429
-0.0429028968016 0.141797709768 0.772252142429
-0.0429028968016 0.143252045253 0.772252142429
-0.0429028968016 0.144706380738 0.772252142429
-0.0429028968016 0.146160716223 0.772252142429
-0.0429028968016 0.147615051707 0.772252142429
-0.042903088861 0.149070054517 0.772255599499
-0.042903088861 0.150524396512 0.772255599499
-0.042903088861 0.151978738508 0.772255599499
-0.042903088861 0.153433080503 0.772255599499
-0.042903088861 0.154887422498 0.772255599499
-0.042903088861 0.156341764494 0.772255599499
-0.042903088861 0.157796106489 0.772255599499
-0.042903088861 0.159250448484 0.772255599499
-0.042903088861 0.160704790479 0.772255599499
-0.042903088861 0.162159132475 0.772255599499
-0.0429032842318 0.163614219528 0.772259116173
-0.0429032842318 0.165068568146 0.772259116173
-0.0429032842318 0.166522916764 0.772259116173
-0.0434588127666 0.170152300832 0.782258629799
-0.0427170263396 0.168696053172 0.768906474113
-0.0414725387164 -0.0371070083252 0.772698879242
-0.0414725387164 -0.0356518315281 0.772698879242
-0.0414725387164 -0.034196654731 0.772698879242
-0.0414725387164 -0.032741477934 0.772698879242
-0.0414725387164 -0.0312863011369 0.772698879242
-0.0414727338627 -0.0298312647082 0.772702515125
-0.0414727338627 -0.0283760810639 0.772702515125
-0.0414727338627 -0.0269208974196 0.772702515125
-0.0414727338627 -0.0254657137753 0.772702515125
-0.0414727338627 -0.024010530131 0.772702515125
-0.0414727338627 -0.0225553464867 0.772702515125
-0.0414727338627 -0.0211001628424 0.772702515125
-0.0414727338627 -0.0196449791981 0.772702515125
-0.0414727338627 -0.0181897955538 0.772702515125
-0.0414727338627 -0.0167346119095 0.772702515125
-0.0414729226107 -0.0152794978039 0.772706031799
-0.0414729226107 -0.0138243075369 0.772706031799
-0.0414729226107 -0.0123691172699 0.772706031799
-0.0414729226107 -0.0109139270028 0.772706031799
-0.0414729226107 -0.00945873673577 0.772706031799
-0.0414729226107 -0.00800354646873 0.772706031799
-0.0414729226107 -0.00654835620169 0.772706031799
-0.0414729226107 -0.00509316593465 0.772706031799
-0.0414729226107 -0.00363797566761 0.772706031799
-0.0414729226107 -0.00218278540056 0.772706031799
-0.0414731145579 -0.000727598501015 0.772709608078
-0.0414731145579 0.000727598501015 0.772709608078
-0.0414731145579 0.00218279550305 0.772709608078
-0.0414731145579 0.00363799250508 0.772709608078
-0.0414731145579 0.00509318950711 0.772709608078
-0.0414731145579 0.00654838650914 0.772709608078
-0.0414731145579 0.00800358351117 0.772709608078
-0.0414731145579 0.0094587805132 0.772709608078
-0.0414731145579 0.0109139775152 0.772709608078
-0.041473306505 0.0123692317647 0.772713184357
-0.041473306505 0.0138244355017 0.772713184357
-0.041473306505 0.0152796392387 0.772713184357
-0.041473306505 0.0167348429757 0.772713184357
-0.041473306505 0.0181900467127 0.772713184357
-0.041473306505 0.0196452504497 0.772713184357
-0.041473306505 0.0211004541868 0.772713184357
-0.041473306505 0.0225556579238 0.772713184357
-0.041473306505 0.0240108616608 0.772713184357
-0.041473306505 0.0254660653978 0.772713184357
-0.0414734984522 0.0269213937321 0.772716760635
-0.0414734984522 0.0283766042041 0.772716760635
-0.0414734984522 0.0298318146761 0.772716760635
-0.0414734984522 0.0312870251481 0.772716760635
-0.0414734984522 0.0327422356201 0.772716760635
-0.0414734984522 0.0341974460921 0.772716760635
-0.0414734984522 0.0356526565642 0.772716760635
-0.0414734984522 0.0371078670362 0.772716760635
-0.0414734984522 0.0385630775082 0.772716760635
-0.0414734984522 0.0400182879802 0.772716760635
-0.0414736872002 0.0414736872002 0.772720277309
-0.0414736872002 0.042928904295 0.772720277309
-0.0414736872002 0.0443841213897 0.772720277309
-0.0414736872002 0.0458393384845 0.772720277309
-0.0414736872002 0.0472945555792 0.772720277309
-0.0414736872002 0.0487497726739 0.772720277309
-0.0414736872002 0.0502049897687 0.772720277309
-0.0414736872002 0.0516602068634 0.772720277309
-0.0414736872002 0.0531154239582 0.772720277309
-0.0414736872002 0.0545706410529 0.772720277309
-0.0414738759483 0.0560261131231 0.772723793983
-0.0414738759483 0.0574813368406 0.772723793983
-0.0414738759483 0.0589365605581 0.772723793983
-0.0414738759483 0.0603917842755 0.772723793983
-0.0414738759483 0.061847007993 0.772723793983
-0.0414738759483 0.0633022317105 0.772723793983
-0.0414738759483 0.064757455428 0.772723793983
-0.0414738759483 0.0662126791455 0.772723793983
-0.0414738759483 0.067667902863 0.772723793983
-0.0414740678954 0.0691234464924 0.772727370262
-0.0414740678954 0.0705786769448 0.772727370262
-0.0414740678954 0.0720339073973 0.772727370262
-0.0414740678954 0.0734891378498 0.772727370262
-0.0414740678954 0.0749443683023 0.772727370262
-0.0414740678954 0.0763995987547 0.772727370262
-0.0414740678954 0.0778548292072 0.772727370262
-0.0414740678954 0.0793100596597 0.772727370262
-0.0414740678954 0.0807652901121 0.772727370262
-0.0414740678954 0.0822205205646 0.772727370262
-0.0414742566435 0.0836761318245 0.772730886936
-0.0414742566435 0.0851313688997 0.772730886936
-0.0414742566435 0.086586605975 0.772730886936
-0.0414742566435 0.0880418430502 0.772730886936
-0.0414742566435 0.0894970801254 0.772730886936
-0.0414742566435 0.0909523172006 0.772730886936
-0.0414742566435 0.0924075542758 0.772730886936
-0.0414742566435 0.093862791351 0.772730886936
-0.0414742566435 0.0953180284262 0.772730886936
-0.0414742566435 0.0967732655014 0.772730886936
-0.0414744517897 0.0982289647652 0.77273452282
-0.0414744517897 0.0996842086876 0.77273452282
-0.0414744517897 0.10113945261 0.77273452282
-0.0414744517897 0.102594696533 0.77273452282
-0.0414744517897 0.104049940455 0.77273452282
-0.0414744517897 0.105505184377 0.77273452282
-0.0414744517897 0.1069604283 0.77273452282
-0.0414744517897 0.108415672222 0.77273452282
-0.0414744517897 0.109870916145 0.77273452282
-0.0414744517897 0.111326160067 0.77273452282
-0.0414746373387 0.112781908553 0.772737979889
-0.0414746373387 0.114237158985 0.772737979889
-0.0414746373387 0.115692409418 0.772737979889
-0.0414746373387 0.117147659851 0.772737979889
-0.0414746373387 0.118602910284 0.772737979889
-0.0414746373387 0.120058160717 0.772737979889
-0.0414746373387 0.12151341115 0.772737979889
-0.0414746373387 0.122968661583 0.772737979889
-0.0414746373387 0.124423912016 0.772737979889
-0.0414746373387 0.125879162449 0.772737979889
-0.041474832485 0.127335012015 0.772741615772
-0.041474832485 0.128790269295 0.772741615772
-0.041474832485 0.130245526576 0.772741615772
-0.041474832485 0.131700783856 0.772741615772
-0.041474832485 0.133156041136 0.772741615772
-0.041474832485 0.134611298416 0.772741615772
-0.041474832485 0.136066555696 0.772741615772
-0.041474832485 0.137521812976 0.772741615772
-0.041474832485 0.138977070257 0.772741615772
-0.0414750180339 0.140432955799 0.772745072842
-0.0414750180339 0.14188821959 0.772745072842
-0.0414750180339 0.14334348338 0.772745072842
-0.0414750180339 0.144798747171 0.772745072842
-0.0414750180339 0.146254010962 0.772745072842
-0.0414750180339 0.147709274752 0.772745072842
-0.0414750180339 0.149164538543 0.772745072842
-0.0414750180339 0.150619802334 0.772745072842
-0.0414750180339 0.152075066124 0.772745072842
-0.0414750180339 0.153530329915 0.772745072842
-0.0414752131802 0.154986322936 0.772748708725
-0.0414752131802 0.156441593574 0.772748708725
-0.0414752131802 0.157896864212 0.772748708725
-0.0414752131802 0.15935213485 0.772748708725
-0.0414752131802 0.160807405488 0.772748708725
-0.0414752131802 0.162262676126 0.772748708725
-0.0414752131802 0.163717946764 0.772748708725
-0.0414752131802 0.165173217402 0.772748708725
-0.0414752131802 0.16662848804 0.772748708725
-0.0419862181117 0.1701546734 0.782269537449
-0.0412750250876 0.168720716586 0.769018888474
-0.0401340332408 -0.0357557750691 0.774951696396
-0.0401340332408 -0.0342963556785 0.774951696396
-0.0401342246268 -0.0328370928764 0.774955391884
-0.0401342246268 -0.0313776665264 0.774955391884
-0.0401342246268 -0.0299182401763 0.774955391884
-0.0401344067521 -0.0284589429696 0.774958908558
-0.0401344067521 -0.0269995099968 0.774958908558
-0.0401344067521 -0.025540077024 0.774958908558
-0.0401345950511 -0.0240807570307 0.774962544441
-0.0401345950511 -0.0226213172106 0.774962544441
-0.0401345950511 -0.0211618773906 0.774962544441
-0.0401347833501 -0.0197025300083 0.774966180325
-0.0401347833501 -0.018243083341 0.774966180325
-0.0401347833501 -0.0167836366737 0.774966180325
-0.0401349623886 -0.0153242583665 0.774969637394
-0.0401349623886 -0.0138648051888 0.774969637394
-0.0401349623886 -0.012405352011 0.774969637394
-0.0401351506876 -0.0109459501875 0.774973273277
-0.0401351506876 -0.00948649016253 0.774973273277
-0.0401351506876 -0.00802703013752 0.774973273277
-0.0401353328129 -0.00656759991484 0.774976789951
-0.0401353328129 -0.0051081332671 0.774976789951
-0.0401353328129 -0.00364866661936 0.774976789951
-0.0401355180251 -0.0021892100741 0.77498036623
-0.0401355180251 -0.000729736691365 0.77498036623
-0.0401355180251 0.000729736691365 0.77498036623
-0.0401357032373 0.00218922017658 0.774983942509
-0.0401357032373 0.0036487002943 0.774983942509
-0.0401357032373 0.00510818041202 0.774983942509
-0.0401358884494 0.00656769083718 0.774987518787
-0.0401358884494 0.00802717768989 0.774987518787
-0.0401358884494 0.0094866645426 0.774987518787
-0.0401360705747 0.0109462010658 0.774991035461
-0.0401360705747 0.0124056945413 0.774991035461
-0.0401360705747 0.0138651880167 0.774991035461
-0.0401362527 0.0153247510309 0.774994552135
-0.0401362527 0.0167842511291 0.774994552135
-0.0401362527 0.0182437512273 0.774994552135
-0.0401362527 0.0197032513255 0.774994552135
-0.0401364409991 0.0211628507086 0.774998188019
-0.0401364409991 0.022622357654 0.774998188019
-0.0401364409991 0.0240818645995 0.774998188019
-0.0401366262113 0.0255414894072 0.775001764297
-0.0401366262113 0.0270010030876 0.775001764297
-0.0401366262113 0.028460516768 0.775001764297
-0.0401368114234 0.0299201685157 0.775005340576
-0.0401368114234 0.0313796889311 0.775005340576
-0.0401368114234 0.0328392093464 0.775005340576
-0.0401369966356 0.0342988880341 0.775008916855
-0.0401369966356 0.0357584151845 0.775008916855
-0.0401369966356 0.0372179423348 0.775008916855
-0.0401371787609 0.0386776449878 0.775012433529
-0.0401371787609 0.0401371787609 0.775012433529
-0.0401371787609 0.041596712534 0.775012433529
-0.0401373639731 0.0430564449893 0.775016009808
-0.0401373639731 0.0445159854974 0.775016009808
-0.0401373639731 0.0459755260055 0.775016009808
-0.0401375460984 0.0474352817526 0.775019526482
-0.0401375460984 0.0488948288835 0.775019526482
-0.0401375460984 0.0503543760143 0.775019526482
-0.0401377343974 0.0518141662221 0.775023162365
-0.0401377343974 0.0532737202002 0.775023162365
-0.0401377343974 0.0547332741783 0.775023162365
-0.0401379196096 0.0561930874534 0.775026738644
-0.0401379196096 0.0576526481665 0.775026738644
-0.0401379196096 0.0591122088796 0.775026738644
-0.0401381048218 0.0605720490947 0.775030314922
-0.0401381048218 0.0620316165427 0.775030314922
-0.0401381048218 0.0634911839908 0.775030314922
-0.0401382962077 0.0649510611361 0.77503401041
-0.0401382962077 0.0664106355436 0.77503401041
-0.0401382962077 0.0678702099512 0.77503401041
-0.0401384721593 0.0693300882751 0.775037407875
-0.0405135854602 0.170157058933 0.782280504704
-0.0210430479544 0.170521250665 0.770610928535
-0.0195946764138 0.169094800163 0.770723938942
-0.0195947658207 0.170547035847 0.770727455616
-0.0198740731862 0.174450197967 0.781713545322
-0.01987388528 0.175920688219 0.781706154346
-0.0198737943577 0.177392016304 0.781702578068
-0.0198736094822 0.17886248534 0.781695306301
-0.0198735185599 0.180333779525 0.781691730022
-0.0198734276376 0.18180506024 0.781688153744
-0.0198732397314 0.183275433078 0.781680762768
-0.0198731472937 0.184746665582 0.781677126884
-0.0198729639336 0.186217032415 0.781669914722
-0.0198728714959 0.187688230795 0.781666278839
-0.0198728714959 0.18916029535 0.781666278839
-0.0198726866205 0.190630586471 0.781659007072
-0.0198224050514 0.191616582163 0.779681265354
-0.0197940630428 0.192808836306 0.778566479683
-0.0197974514153 0.194308319447 0.778699755669
-0.0198727790582 0.19651970402 0.781662642956
-0.0198720395565 0.1979843941 0.781633555889
-0.0181458806251 0.169119607426 0.770837008953
-0.0181459606031 0.170572029669 0.770840406418
-0.0182459358891 0.172971472228 0.775087356567
-0.0182458531048 0.174430355682 0.775083839893
-0.0182457689175 0.175889212365 0.775080263615
-0.0182456861333 0.177348069215 0.775076746941
-0.0182455177586 0.178806074034 0.775069594383
-0.0182453479807 0.18026403805 0.775062382221
-0.0182451810091 0.181722002851 0.775055289268
-0.0182450982249 0.183180786178 0.775051772594
-0.0182449298502 0.184638690084 0.775044620037
-0.0182447600724 0.186096552738 0.775037407875
-0.0182445931008 0.187554417076 0.775030314922
-0.0182445089135 0.189013112343 0.775026738644
-0.0182443391356 0.190470900576 0.775019526482
-0.0182442563514 0.191929576817 0.775016009808
-0.0182442563514 0.193389117325 0.775016009808
-0.0182442563514 0.194848657833 0.775016009808
-0.0181936373033 0.195763537383 0.772865712643
-0.018220672668 0.197512091722 0.774014174938
-0.0166967325404 0.170597049869 0.770953476429
-0.0166967325404 0.172048939655 0.770953476429
-0.0166967325404 0.173500829441 0.770953476429
-0.0166967325404 0.174952719227 0.770953476429
-0.0166967325404 0.176404609013 0.770953476429
-0.0166967325404 0.1778564988 0.770953476429
-0.0166967325404 0.179308388586 0.770953476429
-0.0166966563789 0.180759453841 0.770949959755
-0.0166967325404 0.182212168158 0.770953476429
-0.0166967325404 0.183664057944 0.770953476429
-0.0166967325404 0.18511594773 0.770953476429
-0.0166967325404 0.186567837516 0.770953476429
-0.0166967325404 0.188019727302 0.770953476429
-0.0166967325404 0.189471617088 0.770953476429
-0.0167034657325 0.191000499463 0.771264374256
-0.0167102079607 0.192530656938 0.771575689316
-0.0167169540615 0.194062031932 0.771887183189
-0.016740762918 0.195794140215 0.772986531258
